0 0 0 0 0 0
0 0 0 0 40 0
2 0 -2 0 40 0
2 0 -2 0 0 0
2 0 -2 0 -30 0
4 0 -2 0 -30 0
4 0 0 0 -30 0
4 0 0 0 0 0
4 0 0 0 30 0
6 0 -2 0 30 0
6 0 -2 0 0 0
6 0 -2 0 -30 0
8 0 0 0 -30 0
8 0 0 0 0 0
8 0 0 0 30 0
10 0 -2 0 30 0
10 0 0 0 0 0
10 0 0 0 40 0
12 0 -2 0 40 0
12 0 -2 0 0 0
12 0 -2 0 -30 0
14 0 -2 0 -30 0
14 0 0 0 -30 0
14 0 0 0 0 0
14 0 0 0 30 0
16 0 -2 0 30 0
16 0 -2 0 0 0
16 0 -2 0 -30 0
18 0 0 0 -30 0
18 0 0 0 0 0
18 0 0 0 30 0
20 0 -2 0 30 0
20 0 0 0 0 0
20 0 0 0 40 0
22 0 -2 0 40 0
22 0 -2 0 0 0
22 0 -2 0 -30 0
24 0 -2 0 -30 0
24 0 0 0 -30 0
24 0 0 0 0 0
24 0 0 0 30 0
26 0 -2 0 30 0
26 0 -2 0 0 0
26 0 -2 0 -30 0
28 0 0 0 -30 0
28 0 0 0 0 0
28 0 0 0 30 0
30 0 -2 0 30 0
30 0 -2 0 210 0
28 0 0 0 210 0
28 0 0 0 180 0
28 0 0 0 150 0
26 0 2 0 150 0
26 0 2 0 180 0
26 0 2 0 210 0
24 0 0 0 210 0
24 0 0 0 180 0
24 0 0 0 150 0
24 0 0 0 180 0
24 0 0 0 210 0
22 0 2 0 150 0
22 0 2 0 180 0
22 0 2 0 220 0
20 0 0 0 220 0
20 0 0 0 180 0
20 0 0 0 210 0
20 0 2 0 210 0
18 0 0 0 210 0
18 0 0 0 180 0
18 0 0 0 150 0
16 0 2 0 150 0
16 0 2 0 180 0
16 0 2 0 210 0
14 0 0 0 210 0
14 0 0 0 180 0
14 0 0 0 150 0
14 0 0 0 180 0
14 0 0 0 210 0
12 0 2 0 150 0
12 0 2 0 180 0
12 0 2 0 220 0
10 0 0 0 220 0
10 0 0 0 180 0
10 0 0 0 210 0
10 0 2 0 210 0
8 0 0 0 210 0
8 0 0 0 180 0
8 0 0 0 150 0
6 0 2 0 150 0
6 0 2 0 180 0
6 0 2 0 210 0
4 0 0 0 210 0
4 0 0 0 180 0
4 0 0 0 150 0
2 0 2 0 150 0
2 0 2 0 180 0
2 0 2 0 210 0
0 0 0 0 210 0
