0 0 0 0 0 0
1 1 2 20 0 0
2 2 4 40 0 0
3 3 6 60 0 0
4 4 8 80 0 0
5 5 10 100 0 0
6 6 12 120 0 0
7 7 14 140 0 0
9 8 16 160 0 0
9 9 18 180 0 0
9 10 20 200 0 0
10 11 22 290 0 0
10 12 25 310 0 0
11 12 27 330 0 0
10.0001 11.0002 29.0004 350 0 0
9.00013 10.0002 32.0004 370 0 0
8.00013 9.00018 34.0004 390 0 0
7.00013 8.00018 36.0004 410 0 0
6.00013 7.00018 38.0004 430 0 0
5.00013 6.00018 40.0004 450 0 0
4.00013 5.00018 42.0004 470 0 0
3.00013 4.00018 44.0004 490 0 0
2.00016 3.00019 46.0012 510.01 0 0
1.00016 2.00019 48.0012 530.01 0 0
0.000164986 0.00018692 50.0012 550.01 0 0
0.000196505 0.0001879 47.0021 530.023 0 0
0.000196505 0.0001879 44.0021 510.023 0 0
0.000196505 0.0001879 41.0021 490.023 0 0
0.000196505 0.0001879 38.0021 460.023 0 0
0.000196505 0.0001879 34.0021 420.023 0 0
0.000196505 0.0001879 31.0021 380.023 0 0
0.000196505 0.0001879 28.0021 340.023 0 0
0.000196505 0.0001879 25.0021 300.023 0 0
0.000196505 0.0001879 22.0021 260.023 0 0
0.000196505 0.0001879 19.0021 220.023 0 0
0.000196505 0.0001879 16.0021 180.023 0 0
0.000196505 0.0001879 13.0021 140.023 0 0
0.000196505 0.0001879 10.0021 100.023 0 0
0.000196505 0.0001879 7.0021 70.0225 0 0
0.000228025 0.000188879 4.00304 40.0369 0 0
0.000228025 0.000188879 1.00304 10.0369 0 0
0.000228025 0.000188879 0.00303555 0.0369415 0 0
